
[ display_adv ]
grass = 1.000000
grass_dist = 1.000000
trees = 1.000000
trees_dist = 1.000000

[ display_par ]
anisotropy = 4
road_dist = 1.503753
ter_detail = 1.498475
ter_dist = 1603.146118
view_dist = 3599.973389

[ display_show ]
fps = on
mini_num = 3
trackmap = on

[ display_size ]
minimap = 0.548357

[ game ]
track = J6-80fun

[ misc ]
autostart = on
escquit = off
ogredialog = on

[ set ]
cam_inert = 0.25
cam_speed = 0.897063
fog = on
mini_skip = 7
road_sphr = 1.402860
ter_skip = 2
trees = on

[ set_cam ]
dx = 0.255075
dy = -0.519367
dz = -0.815595
px = -52.630707
py = 29.836014
pz = 81.003448

[ shadow ]
count = 3
dist = 1999.986206
shaders = 1
size = 1
type = 2

[ video ]
windowx = 800
windowy = 600
fullscreen = off
